image: /home/team1/maps/obstacles_small_room.pgm
resolution: 0.050000
origin: [-7.330486, -19.693948, 0.000000]
negate: 0
occupied_thresh: 0.65
free_thresh: 0.196

